1 1 4.986435812491655
2 2 4.987727802155737
207 2 .24776641438406255
3 3 4.989019791819819
4 4 4.985143822827571
210 4 .09960661221546108
356 4 .20751386346299494
5 5 4.98449782799553
6 6 4.983851833163489
7 7 4.983367337039458
45 7 .3708863889302374
56 7 .20740181631308285
232 7 .23503420986164203
330 7 .3227284212829593
8 8 4.987081807323696
9 8 .30810147483568473
36 8 .2113160199600399
145 8 .2985240304283776
263 8 .20236689051492585
334 8 .2893040765395942
372 8 .33793484599209744
8 9 .30810147483568473
9 9 4.981429352543334
123 9 .20425536638490938
145 9 .2739403898161341
259 9 .225556015188229
343 9 .2289898000667292
366 9 .2291025161166127
372 9 .32049625273391147
10 10 4.987727802155737
11 11 4.985143822827571
12 12 4.985789817659613
437 12 .27380925442614457
13 13 4.989019791819819
14 14 4.987727802155737
15 15 4.985143822827572
16 16 4.987727802155737
118 16 .2068997971065687
212 16 .28657081482820157
327 16 .3012597515632329
390 16 .24346518530675532
17 17 4.987081807323696
18 18 4.987081807323696
215 18 .2139858989518828
409 18 .2046044432115126
19 19 4.988373796987778
107 19 .2242649832561301
20 20 4.989019791819819
21 20 .7293618323527999
22 20 .35940265235187363
23 20 .3283028546522737
20 21 .7293618323527999
21 21 4.983851833163489
22 21 .321818571241558
23 21 .31951074968959325
20 22 .35940265235187363
21 22 .321818571241558
22 22 4.984497827995531
23 22 .5996214894132215
20 23 .3283028546522737
21 23 .31951074968959325
22 23 .5996214894132215
23 23 4.978683874507158
24 24 4.985143822827572
144 24 .40619825431110623
25 25 4.9825598434994065
143 25 .21082667567377644
163 25 .2050644317423327
255 25 .24558773530416378
361 25 .23715687690034581
26 26 4.989019791819819
212 26 .23430597968545985
400 26 .20159236498364086
424 26 .2023493942442567
27 27 4.983205838331448
28 28 4.987081807323696
29 29 4.983851833163489
30 30 4.987081807323696
31 31 4.983851833163489
32 31 .3249351109498626
33 31 .3036659538349369
343 31 .2044108992667688
344 31 .3762179286905414
422 31 .29254506760299437
31 32 .3249351109498626
32 32 4.970931936522661
343 32 .20597974747698888
31 33 .3036659538349369
33 33 4.989019791819819
164 33 .25576216658127393
422 33 .3897436308916018
34 34 4.986435812491655
35 35 4.963825993370208
8 36 .2113160199600399
36 36 4.983205838331448
198 36 .23362437807669512
37 37 4.985789817659613
38 38 4.985789817659613
394 38 .21742045258087694
39 39 4.987081807323696
352 39 .22876454223640774
40 40 4.981913848667365
41 41 4.938793693628603
428 41 .217201925374499
42 42 4.9786838745071575
43 43 4.986435812491655
209 43 .40254184796765946
226 43 .28883552507997035
376 43 .44627395142602433
44 44 4.989019791819819
7 45 .3708863889302374
45 45 4.987081807323696
213 45 .21843214158900137
46 46 4.859705469191543
47 47 4.989019791819819
48 48 4.987727802155737
49 49 4.987081807323696
50 50 4.979975864171241
133 50 .23090030136731254
168 50 .2438539353850313
390 50 .22528200364423734
51 51 4.989019791819819
52 52 4.985143822827572
53 53 4.981267853835323
54 54 4.9857898176596125
153 54 .22263676667719423
324 54 .23942263549925524
357 54 .2172098955915227
55 55 4.989019791819819
7 56 .20740181631308285
56 56 4.983851833163489
57 57 4.986435812491655
58 58 4.987081807323696
276 58 .3185519125547769
376 58 .327186591518148
59 59 4.963825993370206
234 59 .22810535252767483
60 60 4.985789817659613
61 61 4.987081807323696
62 62 4.987727802155737
63 63 4.9825598434994065
64 64 4.988373796987778
65 65 4.987081807323696
66 66 4.983851833163489
67 67 4.979975864171241
68 68 4.985789817659613
69 69 4.989019791819819
149 69 .22432762530043826
174 69 .24900199142201362
194 69 .36404869566148257
249 69 .19935705818778127
300 69 .22567687197820963
408 69 .22687179317660888
427 69 .38283414743582256
70 70 4.981913848667365
71 71 4.987081807323696
217 71 .2142087621299038
72 72 4.981881548925763
193 72 .24182209803930332
366 72 .20618244743010727
73 73 4.987727802155737
74 74 4.9825598434994065
75 75 4.98385183316349
76 76 4.982075347375376
144 76 .2294513755311316
167 76 .2510337987482818
168 76 .23413889930525933
389 76 .22094926161730832
77 77 4.98449782799553
78 78 4.973838913266848
168 78 .23100170374195717
347 78 .24964967216170963
389 78 .21572122361111212
79 79 4.981913848667364
80 80 4.983205838331448
81 81 4.986435812491655
82 82 4.96947844815057
138 82 .22478227476365653
398 82 .2334068917257972
83 83 4.989019791819819
240 83 .21644431278315057
375 83 .20067002492858332
84 84 4.983851833163489
85 85 4.98449782799553
86 86 4.988373796987778
126 86 .2040683803506771
87 87 4.988373796987778
88 87 .3308073181683082
97 87 .2803048165229285
279 87 .4569881005427461
281 87 .4556294072315188
283 87 .5331653092526807
87 88 .3308073181683082
88 88 4.981913848667365
95 88 .22532515739005454
103 88 .30677612058236425
283 88 .29831142773296504
89 89 4.987727802155737
279 89 .3077590182109424
90 90 4.986758809907675
96 90 .2550518102767585
279 90 .6643063993117222
91 91 4.974161910682869
95 91 .34535277577011625
92 92 4.985143822827572
93 92 .44946187597874676
92 93 .44946187597874676
93 93 4.986435812491655
279 93 .2066218889034972
283 93 .23812687487474182
284 93 .4498225184666236
94 94 4.987727802155737
95 94 .6913106329663212
97 94 .32699505099356063
98 94 .21718407110512006
103 94 .25500946815770353
283 94 .22921493097430146
287 94 .43360485593195364
288 94 .28426572551961415
88 95 .22532515739005454
91 95 .34535277577011625
94 95 .6913106329663212
95 95 4.957850541173826
97 95 .33627105764963083
156 95 .23521124268763405
90 96 .2550518102767585
96 96 4.982398344791396
97 96 .6038598817331828
156 96 .24441753251699216
279 96 .22583539370981676
288 96 1.1677899353485857
87 97 .2803048165229285
94 97 .32699505099356063
95 97 .33627105764963083
96 97 .6038598817331828
97 97 4.985143822827572
173 97 .2018389459643446
293 97 .20226845702904495
94 98 .21718407110512006
98 98 4.987081807323696
105 98 .35289000710759977
99 99 4.98385183316349
100 100 4.987081807323696
101 101 4.985143822827572
102 102 4.989019791819819
88 103 .30677612058236425
94 103 .25500946815770353
103 103 4.986435812491655
283 103 .3401714134220417
104 104 4.986435812491655
105 104 .3519505895028452
212 104 .2878973907953388
98 105 .35289000710759977
104 105 .3519505895028452
105 105 4.987081807323696
144 105 .2073304645122902
156 105 .23117592363058748
283 105 .20991803675868903
287 105 .2279315012858638
288 105 .5884023587000677
106 106 4.958658034713876
211 106 .2634449303409929
19 107 .2242649832561301
107 107 4.986435812491655
350 107 .280113455127168
108 108 4.987727802155737
109 109 4.988373796987778
110 110 4.989019791819819
111 111 4.985789817659613
112 112 4.771623164975524
172 112 .10131191924059602
113 113 4.984497827995531
114 114 4.984497827995531
115 115 4.983851833163489
116 116 4.984820825411552
117 117 4.989019791819819
376 117 .5283163953034768
16 118 .2068997971065687
118 118 4.987727802155737
235 118 .2580389872400475
119 119 4.9825598434994065
120 120 4.985789817659613
121 121 4.985143822827571
122 122 4.988373796987778
9 123 .20425536638490938
123 123 4.987727802155737
399 123 .43632693821097135
433 123 .21172099799221522
124 124 4.987081807323696
138 124 .31914904046865233
147 124 .20695529259893997
125 125 4.98449782799553
86 126 .2040683803506771
126 126 4.983851833163489
127 127 4.989019791819819
128 128 4.984497827995531
129 129 4.987081807323696
130 130 4.989019791819819
131 131 4.989019791819819
132 132 4.989019791819819
144 132 .19934191453828465
223 132 .20949898274254197
50 133 .23090030136731254
133 133 4.980621859003282
390 133 .2092506823225717
134 134 4.986435812491655
135 135 4.98385183316349
457 135 .23976882202525918
136 136 4.989019791819819
329 136 .30046000268575046
137 137 4.983851833163489
82 138 .22478227476365653
124 138 .31914904046865233
138 138 4.985143822827571
455 138 .2779312543219241
139 139 4.985143822827572
140 140 4.989019791819819
141 141 4.976745890011035
142 142 4.989019791819819
304 142 .2512639000521113
25 143 .21082667567377644
143 143 4.985143822827571
24 144 .40619825431110623
76 144 .2294513755311316
105 144 .2073304645122902
132 144 .19934191453828465
144 144 4.981267853835324
314 144 .24742402977816802
8 145 .2985240304283776
9 145 .2739403898161341
145 145 4.978683874507158
146 146 4.979975864171241
124 147 .20695529259893997
147 147 4.987081807323696
196 147 .24139347002063527
457 147 .28419293651167354
148 148 4.989019791819819
69 149 .22432762530043826
149 149 4.9734513163676235
211 149 .279053957765631
215 149 .24107380588654514
150 150 4.980621859003282
212 150 .09957028128434686
151 151 4.987727802155737
399 151 .26432125415788743
152 152 4.981267853835323
160 152 .2840806159790792
182 152 .2003972711468549
237 152 .24352699049211424
54 153 .22263676667719423
153 153 4.988373796987778
245 153 .22609390415399222
357 153 .20757971104009787
450 153 .2926942142133848
154 154 4.989019791819819
191 154 .22484050954759516
155 155 4.986435812491655
361 155 .24529712927824443
95 156 .23521124268763405
96 156 .24441753251699216
105 156 .23117592363058748
156 156 4.9825598434994065
288 156 .2538873377319204
157 157 4.974161910682868
158 158 4.987081807323696
159 159 4.983205838331447
163 159 .2184153271901832
174 159 .23259644846620908
215 159 .25244389310075954
277 159 .20409861180234712
152 160 .2840806159790792
160 160 4.987727802155737
211 160 .20448616317882795
161 161 4.985143822827572
162 162 4.987081807323696
25 163 .2050644317423327
159 163 .2184153271901832
163 163 4.981913848667364
174 163 .2809640893828451
323 163 .2380005370561129
33 164 .25576216658127393
164 164 4.989019791819819
422 164 .24977584166500622
442 164 .2621171460274292
165 165 4.98449782799553
166 166 4.984497827995531
76 167 .2510337987482818
167 167 4.9687032543521195
168 167 .6770590564895453
214 167 .36128139997845654
50 168 .2438539353850313
76 168 .23413889930525933
78 168 .23100170374195717
167 168 .6770590564895453
168 168 4.976099895178992
214 168 .3557179710283265
291 168 .35222678745329494
390 168 .24291032560583448
169 169 4.982559843499406
223 169 .24907972318868365
170 170 4.987727802155737
171 171 4.961920308615687
376 171 .31893106359308376
112 172 .10131191924059602
172 172 4.961565011458063
175 172 .20882079999047498
376 172 .34152828773008403
97 173 .2018389459643446
173 173 4.980137362879251
69 174 .24900199142201362
159 174 .23259644846620908
163 174 .2809640893828451
174 174 4.986435812491655
192 174 .2450263463418345
277 174 .2470481332345651
172 175 .20882079999047498
175 175 4.9715133318715
376 175 .2215939196200276
176 176 4.9825598434994065
177 177 4.987727802155737
178 178 4.986435812491655
179 179 4.986435812491655
180 180 4.987081807323696
181 181 4.987727802155737
152 182 .2003972711468549
182 182 4.96576397786633
215 182 .3377722962883798
234 182 .2792443348970135
237 182 .20711475666412804
398 182 .252348407391751
183 183 4.988373796987778
203 183 .5071282102000358
217 183 .21210737370002297
226 183 .29081004216387996
184 184 4.986435812491655
185 185 4.988373796987778
433 185 .20579819810326194
186 186 4.988373796987778
187 187 4.987727802155737
309 187 .23153399042251754
188 188 4.983205838331448
189 189 4.989019791819819
190 190 4.986435812491655
154 191 .22484050954759516
191 191 4.984497827995531
174 192 .2450263463418345
192 192 4.979975864171241
194 192 .22604743767714508
210 192 .20231298757828364
215 192 .21828066337590046
305 192 .38217323921160995
72 193 .24182209803930332
193 193 4.987081807323696
69 194 .36404869566148257
192 194 .22604743767714508
194 194 4.9786838745071575
195 195 4.985789817659613
147 196 .24139347002063527
196 196 4.987727802155737
197 197 4.98449782799553
259 197 .3334418133929913
403 197 .21041787834110037
36 198 .23362437807669512
198 198 4.9853053215355825
199 199 4.986435812491655
200 200 4.989019791819819
201 201 4.987727802155737
202 202 4.986435812491655
183 203 .5071282102000358
203 203 4.985789817659613
255 203 .20945562747175517
438 203 .3477998250294947
204 204 4.987081807323696
205 205 4.987727802155737
206 206 4.986435812491655
2 207 .24776641438406255
207 207 4.987081807323696
439 207 .2704677797669097
208 208 4.985789817659613
43 209 .40254184796765946
209 209 4.983205838331447
226 209 .2895075621204555
4 210 .09960661221546108
192 210 .20231298757828364
210 210 4.981913848667364
211 210 .2813104165439526
106 211 .2634449303409929
149 211 .279053957765631
160 211 .20448616317882795
210 211 .2813104165439526
211 211 4.966732970114393
215 211 .3526546135575055
234 211 .22696234988656583
236 211 .09966476414596626
243 211 .21804995034797603
451 211 .20916868751526607
16 212 .28657081482820157
26 212 .23430597968545985
104 212 .2878973907953388
150 212 .09957028128434686
212 212 4.989019791819819
296 212 .20718896970246847
347 212 .24891556033668127
361 212 .40225005576648964
45 213 .21843214158900137
213 213 4.987081807323696
167 214 .36128139997845654
168 214 .3557179710283265
214 214 4.985789817659613
347 214 .3038411520462332
18 215 .2139858989518828
149 215 .24107380588654514
159 215 .25244389310075954
182 215 .3377722962883798
192 215 .21828066337590046
211 215 .3526546135575055
215 215 4.977714882259096
409 215 .2763990289846392
451 215 .20528373509918518
216 216 4.983851833163489
71 217 .2142087621299038
183 217 .21210737370002297
217 217 4.98449782799553
218 218 4.983851833163489
219 219 4.976745890011035
220 220 4.987081807323696
221 221 4.988373796987778
390 221 .20444225886512513
222 222 4.989019791819819
369 222 .217820722316449
132 223 .20949898274254197
169 223 .24907972318868365
223 223 4.987081807323696
296 223 .2191882732366608
347 223 .2879027076426559
224 224 4.9825598434994065
333 224 .29142513820502236
225 225 4.98449782799553
43 226 .28883552507997035
183 226 .29081004216387996
209 226 .2895075621204555
226 226 4.987727802155737
376 226 .3096516851753468
438 226 .27016185884057453
227 227 4.989019791819819
228 228 4.981590851251345
229 229 4.981267853835324
288 229 .20634238455816023
230 230 4.987727802155737
231 231 4.985143822827572
7 232 .23503420986164203
232 232 4.980944856419303
330 232 .2050945141381999
233 233 4.980783357711293
59 234 .22810535252767483
182 234 .2792443348970135
211 234 .22696234988656583
234 234 4.989019791819819
424 234 .39046036213790725
118 235 .2580389872400475
235 235 4.972223926186745
211 236 .09966476414596626
236 236 4.989019791819819
152 237 .24352699049211424
182 237 .20711475666412804
237 237 4.987727802155737
412 237 .2462951392453374
238 238 4.987081807323696
239 239 4.981429352543334
83 240 .21644431278315057
240 240 4.989019791819819
375 240 .2124087235791503
241 241 4.987081807323696
242 242 4.976745890011035
211 243 .21804995034797603
243 243 4.989019791819819
244 244 4.989019791819819
153 245 .22609390415399222
245 245 4.983205838331448
369 245 .24891658039155562
246 246 4.980621859003282
247 247 4.986435812491655
248 248 4.987081807323696
69 249 .19935705818778127
249 249 4.978037879675117
250 250 4.977391884843075
409 250 .2694149325901556
251 251 4.986435812491655
252 252 4.9809448564193035
374 252 .19995521857196508
253 253 4.93527302179398
254 254 4.985143822827572
25 255 .24558773530416378
203 255 .20945562747175517
255 255 4.985143822827572
435 255 .24996050057853836
256 256 4.985789817659613
257 257 4.988373796987778
258 258 4.988373796987778
324 258 .31920844407835514
347 258 .21769929487682882
365 258 .41554375068645033
9 259 .225556015188229
197 259 .3334418133929913
259 259 4.989019791819819
260 260 4.982559843499406
261 261 4.987081807323696
262 262 4.987727802155737
301 262 .21750243313701922
341 262 .2340712621081691
352 262 .3432214456819116
449 262 .2107943249992874
8 263 .20236689051492585
263 263 4.987081807323696
264 264 4.986435812491655
265 265 4.987081807323696
267 265 .2947120949126276
266 266 4.981267853835324
333 266 .23425175655573627
265 267 .2947120949126276
267 267 4.989019791819819
268 268 4.986435812491655
269 269 4.987081807323696
270 270 4.989019791819819
271 271 4.989019791819819
272 272 4.988373796987778
364 272 .2106634640291407
273 273 4.985143822827572
274 274 4.985143822827572
275 275 4.988373796987778
58 276 .3185519125547769
276 276 4.9825598434994065
376 276 .509823401923994
159 277 .20409861180234712
174 277 .2470481332345651
277 277 4.971739430062712
278 278 4.979975864171241
87 279 .4569881005427461
89 279 .3077590182109424
90 279 .6643063993117222
93 279 .2066218889034972
96 279 .22583539370981676
279 279 4.989019791819819
281 279 .7065679849143391
283 279 .4186741767129263
280 280 4.981913848667365
281 280 .615458996725835
87 281 .4556294072315188
279 281 .7065679849143391
280 281 .615458996725835
281 281 4.987727802155737
282 281 .6255965754729971
283 281 .4629222075165935
281 282 .6255965754729971
282 282 4.986435812491655
87 283 .5331653092526807
88 283 .29831142773296504
93 283 .23812687487474182
94 283 .22921493097430146
103 283 .3401714134220417
105 283 .20991803675868903
279 283 .4186741767129263
281 283 .4629222075165935
283 283 4.987081807323696
93 284 .4498225184666236
284 284 4.988373796987778
285 284 .3913132925026783
284 285 .3913132925026783
285 285 4.987727802155737
286 286 4.989019791819819
287 286 .20525791290834583
94 287 .43360485593195364
105 287 .2279315012858638
286 287 .20525791290834583
287 287 4.985789817659613
353 287 .20859577520291994
94 288 .28426572551961415
96 288 1.1677899353485857
105 288 .5884023587000677
156 288 .2538873377319204
229 288 .20634238455816023
288 288 4.981267853835323
289 289 4.987727802155737
290 290 4.963761393887004
376 290 .3148506600621448
168 291 .35222678745329494
291 291 4.985789817659613
292 292 4.981267853835323
97 293 .20226845702904495
293 293 4.985143822827571
294 294 4.98449782799553
392 294 .2086735928268455
295 295 4.982721342207416
212 296 .20718896970246847
223 296 .2191882732366608
296 296 4.989019791819819
297 296 .36148534152344647
296 297 .36148534152344647
297 297 4.98449782799553
298 298 4.971739430062715
299 299 4.986435812491655
69 300 .22567687197820963
300 300 4.988373796987778
262 301 .21750243313701922
301 301 4.967701962362455
404 301 .20524843535078796
302 302 4.988373796987778
324 302 .207725057431706
303 303 4.988373796987778
142 304 .2512639000521113
304 304 4.985789817659613
455 304 .2087314882375657
192 305 .38217323921160995
305 305 4.987081807323696
306 306 4.9853053215355825
307 307 4.985143822827572
308 308 4.987727802155737
187 309 .23153399042251754
309 309 4.987727802155737
310 310 4.985789817659613
311 311 4.988373796987778
312 312 4.980621859003282
313 313 4.9857898176596125
144 314 .24742402977816802
314 314 4.98449782799553
435 314 .23041762732768145
315 315 4.987727802155737
316 316 4.985143822827572
317 317 4.988373796987778
318 318 4.987727802155737
319 319 4.989019791819819
320 320 4.987081807323696
321 321 4.988373796987778
322 322 4.986435812491655
163 323 .2380005370561129
323 323 4.988373796987778
54 324 .23942263549925524
258 324 .31920844407835514
302 324 .207725057431706
324 324 4.986435812491655
369 324 .2906377410691565
325 325 4.98449782799553
326 326 4.988373796987778
16 327 .3012597515632329
327 327 4.985143822827572
328 328 4.988373796987778
136 329 .30046000268575046
329 329 4.988373796987778
7 330 .3227284212829593
232 330 .2050945141381999
330 330 4.985789817659613
331 331 4.9793298693392
332 332 4.984497827995531
350 332 .21441300494460735
224 333 .29142513820502236
266 333 .23425175655573627
333 333 4.98449782799553
8 334 .2893040765395942
334 334 4.987727802155737
450 334 .3116870967677663
335 335 4.985789817659613
336 336 4.989019791819819
337 337 4.975615399054961
369 337 .24074410945885694
338 338 4.987081807323696
339 339 4.978845373215169
340 340 4.985143822827572
262 341 .2340712621081691
341 341 4.986435812491655
455 341 .20532186078184722
342 342 4.988373796987778
9 343 .2289898000667292
31 343 .2044108992667688
32 343 .20597974747698888
343 343 4.980621859003282
31 344 .3762179286905414
344 344 4.985143822827571
422 344 .27492982627774243
433 344 .2114663116633264
345 345 4.986435812491655
346 346 4.981267853835323
390 346 .20470063010643758
78 347 .24964967216170963
212 347 .24891556033668127
214 347 .3038411520462332
223 347 .2879027076426559
258 347 .21769929487682882
347 347 4.988373796987778
348 348 4.987727802155737
349 349 4.989019791819819
107 350 .280113455127168
332 350 .21441300494460735
350 350 4.986435812491655
351 351 4.989019791819819
39 352 .22876454223640774
262 352 .3432214456819116
352 352 4.988373796987778
356 352 .2599268391156895
287 353 .20859577520291994
353 353 4.978037879675117
376 353 .20191444702231598
354 354 4.983851833163489
355 355 4.987727802155737
4 356 .20751386346299494
352 356 .2599268391156895
356 356 4.987727802155737
54 357 .2172098955915227
153 357 .20757971104009787
357 357 4.985143822827571
358 358 4.987727802155737
359 359 4.989019791819819
360 360 4.983205838331448
25 361 .23715687690034581
155 361 .24529712927824443
212 361 .40225005576648964
361 361 4.978522375799147
362 362 4.988373796987778
363 363 4.987727802155737
272 364 .2106634640291407
364 364 4.982559843499406
258 365 .41554375068645033
365 365 4.98385183316349
9 366 .2291025161166127
72 366 .20618244743010727
366 366 4.981267853835323
367 367 4.985789817659613
368 368 4.976745890011035
222 369 .217820722316449
245 369 .24891658039155562
324 369 .2906377410691565
337 369 .24074410945885694
369 369 4.987727802155737
399 369 .26710588142586733
370 370 4.989019791819819
371 371 4.988373796987778
8 372 .33793484599209744
9 372 .32049625273391147
372 372 4.987081807323696
373 373 4.983851833163489
252 374 .19995521857196508
374 374 4.987727802155737
83 375 .20067002492858332
240 375 .2124087235791503
375 375 4.984497827995531
43 376 .44627395142602433
58 376 .327186591518148
117 376 .5283163953034768
171 376 .31893106359308376
172 376 .34152828773008403
175 376 .2215939196200276
226 376 .3096516851753468
276 376 .509823401923994
290 376 .3148506600621448
353 376 .20191444702231598
376 376 4.949129610941267
438 376 .3877344016717159
377 377 4.985789817659613
378 378 4.987081807323696
379 379 4.985143822827572
380 380 4.987727802155737
381 381 4.985789817659613
382 382 4.986435812491655
383 383 4.989019791819819
384 384 4.9840133318715
385 385 4.989019791819819
386 386 4.986435812491655
387 387 4.979975864171241
388 388 4.985143822827572
76 389 .22094926161730832
78 389 .21572122361111212
389 389 4.985789817659613
16 390 .24346518530675532
50 390 .22528200364423734
133 390 .2092506823225717
168 390 .24291032560583448
221 390 .20444225886512513
346 390 .20470063010643758
390 390 4.987727802155737
391 391 4.987081807323696
294 392 .2086735928268455
392 392 4.984497827995531
393 393 4.987727802155737
38 394 .21742045258087694
394 394 4.985143822827572
395 395 4.986435812491655
396 396 4.98449782799553
397 397 4.9793298693392
82 398 .2334068917257972
182 398 .252348407391751
398 398 4.962534003706124
123 399 .43632693821097135
151 399 .26432125415788743
369 399 .26710588142586733
399 399 4.987727802155737
26 400 .20159236498364086
400 400 4.988373796987778
401 401 4.978037879675116
402 402 4.988373796987778
197 403 .21041787834110037
403 403 4.985143822827572
301 404 .20524843535078796
404 404 4.983851833163489
405 405 4.981267853835323
406 406 4.988373796987778
407 407 4.988373796987778
69 408 .22687179317660888
408 408 4.987727802155737
18 409 .2046044432115126
215 409 .2763990289846392
250 409 .2694149325901556
409 409 4.970931936522661
410 410 4.989019791819819
411 411 4.989019791819819
237 412 .2462951392453374
412 412 4.987081807323696
413 413 4.987081807323696
414 414 4.985143822827571
415 415 4.985143822827571
416 416 4.986435812491655
417 417 4.987081807323696
418 418 4.98449782799553
419 419 4.988373796987778
420 420 4.988373796987778
421 421 4.987081807323696
31 422 .29254506760299437
33 422 .3897436308916018
164 422 .24977584166500622
344 422 .27492982627774243
422 422 4.987727802155737
442 422 .420284918127833
423 423 4.987727802155737
453 423 .23263176091991022
26 424 .2023493942442567
234 424 .39046036213790725
424 424 4.983851833163489
425 425 4.988373796987778
426 426 4.984497827995531
69 427 .38283414743582256
427 427 4.983205838331448
41 428 .217201925374499
428 428 4.987727802155737
429 429 4.81705058424015
430 430 4.9840133318715
431 431 4.988373796987778
432 432 4.987727802155737
123 433 .21172099799221522
185 433 .20579819810326194
344 433 .2114663116633264
433 433 4.987727802155737
434 434 4.987727802155737
255 435 .24996050057853836
314 435 .23041762732768145
435 435 4.9748079055149095
436 436 4.985143822827572
12 437 .27380925442614457
437 437 4.989019791819819
203 438 .3477998250294947
226 438 .27016185884057453
376 438 .3877344016717159
438 438 4.986435812491655
207 439 .2704677797669097
439 439 4.932753641949021
440 440 4.988373796987778
441 441 4.987081807323696
164 442 .2621171460274292
422 442 .420284918127833
442 442 4.987081807323696
443 443 4.987727802155737
444 444 4.987727802155737
445 445 4.987727802155737
446 446 4.985789817659613
447 447 4.982559843499406
448 448 4.985143822827571
262 449 .2107943249992874
449 449 4.989019791819819
153 450 .2926942142133848
334 450 .3116870967677663
450 450 4.987081807323696
211 451 .20916868751526607
215 451 .20528373509918518
451 451 4.983851833163489
452 452 4.986435812491655
423 453 .23263176091991022
453 453 4.9749694042229216
454 454 4.989019791819819
138 455 .2779312543219241
304 455 .2087314882375657
341 455 .20532186078184722
455 455 4.983205838331447
457 455 .23491318446975962
456 456 4.987081807323696
135 457 .23976882202525918
147 457 .28419293651167354
455 457 .23491318446975962
457 457 4.989019791819819
412 458 .20697410089522794
40 459 .22945699920618168
121 459 .24494505767822083
146 459 .46744517313975376
228 459 .22790794013927673
145 461 .23320573964954505
220 461 .2114276301141036
435 463 .2556318225979872
129 466 .18522805907995465
147 466 .21926624479226664
375 466 .23612628410873082
398 468 .23765779600878822
247 469 .19658914484732204
341 470 .19767609258386276
69 473 .2558334042176096
234 474 .2203197382601303
65 475 .24033765411718555
157 475 .43058360232297144
207 475 .41757254030302615
250 476 .31826991824070117
294 476 .20442721213589987
409 476 .25357414304213144
450 476 .195538240232362
157 479 .2587893942230348
207 479 .2590521983095915
367 479 .19845469797667903
45 488 .2557585546747383
333 488 .19781278959406645
107 492 .19256255667643618
404 496 .18900078516430519
9 497 .21277867424745267
153 497 .23396075566135188
220 497 .2342080779665041
238 497 .1934542623326596
302 497 .20314543480129732
324 497 .2020424811854884
154 503 .22511471501845293
329 503 .18936558936258585
48 504 .2422158058860555
163 504 .3029855019366057
174 504 .2414151120941339
277 504 .33731449825574966
64 508 .19144475045165343
271 509 .22526133243139146
420 511 .20346082032181112
45 512 .3229949897395654
266 512 .29126327102579275
146 513 .20150665320924155
240 513 .20087718028575363
142 514 .2062151508652459
262 514 .22843765127135374
457 514 .20197702835238207
346 521 .18912386134001924
352 521 .22133356727556475
13 525 .23909714383339242
69 525 .22647172676892602
409 528 .286943256613724
108 530 .33748545035664534
110 530 .36637372531275947
197 530 .2056747421458418
198 530 .21369256185337449
220 530 .5805076356644241
247 530 .3817520147823359
329 530 .3872427928091504
339 530 .21791807097542026
365 530 .3680445742637657
430 530 .35096118349280125
124 532 .2992118825360217
137 533 .22144484237914686
163 533 .2427602586113764
215 533 .215727513990438
409 533 .2391987804827327
455 533 .283017906141259
146 534 .2012659463361155
228 534 .23443316976044049
240 534 .21116692959441163
251 534 .19638155874698882
409 536 .2938656096251888
455 536 .34645659080630864
163 543 .20895464779648876
340 544 .21518026633050802
24 550 .2111214098680625
40 559 .20629375286155138
146 559 .22068241739389727
228 559 .21181232830716468
168 562 .3075620209451957
257 562 .21203308908346852
300 562 .22564075975270814
7 564 .21324408436303166
182 566 .2725788634503097
234 567 .20519104021102663
121 573 .21239738668151276
359 573 .19082418666928724
192 575 .20959756526094964
145 581 .3110888231939901
221 581 .21544757335012488
259 584 .22071066595708988
365 584 .35557666532745813
133 587 .2048738875190832
133 588 .20149710068534166
145 588 .3280211831150437
211 590 .22762030260527588
234 590 .22940929221264472
386 590 .2087583933595436
55 591 .2443231397080723
430 591 .22494424847565053
163 592 .29881403619267477
151 593 .20904334470616437
123 595 .2201541047311979
376 596 .2182824886320187
29 600 .27305297971705755
262 600 .23141959906790532
146 601 .30140471450773365
202 601 .19055906812015788
228 601 .2062319733655169
369 602 .454535944895496
450 602 .27217636259816214
163 603 .20247512405129697
352 604 .25671990298590064
83 610 .2938026805792866
202 614 .20231602034137186
75 615 .20180307138453468
228 615 .21752287364863854
254 615 .2344400955073329
82 618 .25255908873309796
7 619 .3675872633746442
45 619 .33253494379824033
49 619 .22736286160456487
102 623 .20110946930506657
124 623 .19501981852158945
341 623 .2130379841912644
404 623 .19852303084492107
40 627 .21261319648145083
146 627 .32410590256631
228 627 .2339800418224769
102 628 .2848569211151606
250 628 .20878285111251316
324 628 .29256754195365176
14 631 .23504188467711362
197 634 .21740482165718156
220 634 .3045324453019518
247 634 .40251426659919876
259 634 .19125221162461958
8 636 .2835981786018831
258 636 .25662249230125234
259 636 .21558462376029297
369 636 .3546173184440713
83 637 .2063338006909996
201 637 .2079091503926005
163 638 .22701761163115286
247 638 .2646978394840991
409 638 .21449661145542276
250 648 .2113473570081057
43 655 .2442928405589484
58 655 .24387006068819606
117 655 .22749337928096924
203 655 .20405129945329392
209 655 .23827850045972898
376 655 .20671689392131398
35 661 .18534373089205491
138 662 .18531982736709285
65 663 .2832919890837209
144 663 .20666194612597
157 663 .259798534080125
240 663 .19984777786655705
355 664 .21858855425552104
58 667 .26620230987197857
155 667 .20601909649300243
209 667 .20553890576716327
202 673 .22230207683374026
7 676 .28722900272782237
45 676 .29034119281273085
9 677 .19811791907585796
65 677 .19367808104122908
207 677 .28972277384663236
110 679 .38713964468849493
180 679 .36065395631167796
197 679 .20288142177944568
258 679 .22072545053269188
329 679 .21305556615140642
430 679 .3709606933563112
194 682 .2252566574369359
152 685 .2255083317430291
25 686 .2152417741065742
104 686 .2105813120756972
223 686 .2470267753667903
138 689 .2088632773353929
396 689 .18796054017026353
116 694 .2138261647047326
272 694 .21740188515444636
396 694 .18487644705100603
175 695 .19621030664771588
123 696 .28107265225196887
151 696 .262547389403327
368 696 .20381600763972152
399 696 .2908186989277617
433 696 .21802744792019357
382 697 .20503941622206145
8 698 .20312884330361758
16 698 .22317897168815293
118 698 .26968183367883736
218 698 .19528269685639188
235 698 .26150218653568125
412 698 .2643571611831135
110 702 .2746974082815328
220 702 .3591343837397023
339 702 .2012204359717522
9 703 .19866969344861918
137 703 .22879564351968984
247 703 .21627418004004006
258 703 .2053340636983929
259 703 .20301956393266085
409 703 .22280309271656584
220 706 .24994922942999231
247 706 .2677448830649336
240 712 .2080568553575013
108 714 .2762187539029215
110 714 .24193272049994263
430 714 .22806025519898032
129 716 .19359972059626607
198 716 .19617504576290212
255 716 .21307589119593295
144 718 .19730224297006504
272 718 .2653685157872925
7 724 .23347020092945758
234 724 .2077171647092504
419 724 .20440978960540335
207 725 .2915248961186476
291 725 .19600527224044395
142 727 .26281443319408915
432 727 .19671497704470742
457 727 .31779480074185873
124 730 .23282792550518128
237 730 .21364004125299285
412 730 .32673374591225723
234 731 .2039410476457153
82 735 .21449595443785707
376 736 .22107581928581777
101 738 .2103052144948867
200 743 .22438275542461295
374 746 .21629448568558907
417 747 .24321858968074395
232 750 .21160907105682192
52 751 .20622149517739174
207 751 .21210844472776724
289 751 .2294579258724152
421 751 .2051249371999857
8 752 .1937372512388036
109 752 .27079052912616763
118 752 .19995940205749196
250 754 .29386211878801927
324 754 .1946084995786146
431 754 .24225403219868635
147 756 .21123833023653749
194 757 .20567665269834468
250 757 .21009776542253622
272 758 .2288809686410982
11 760 .1977708345309228
341 762 .19869569103462403
108 766 .3482325257473473
110 766 .37957714049230695
145 766 .3628096294936487
152 766 .20163548967739864
197 766 .29839658674437075
220 766 .4814368440595276
221 766 .23235144955132636
329 766 .3067394298705395
339 766 .24429348480919
365 766 .4895978139664132
430 766 .33242476713057734
41 769 .22108525365365317
137 769 .2148213307178688
144 769 .23751443861943677
163 769 .20372487806706552
424 769 .204239841904295
145 771 .2161304323890656
197 771 .2747023619040201
258 771 .21302871771664922
259 771 .22819800270425983
324 771 .24654588903359453
158 773 .2151913361739668
305 775 .27557678710368183
8 776 .19380601430788147
137 776 .2622116958773528
409 776 .21913908843241892
146 779 .44127216066812025
157 779 .300318192122373
228 779 .26208997284338587
234 779 .20917828868757216
240 779 .26853213972929346
409 781 .2102716135225906
142 783 .28390213741297643
147 783 .24602735002327947
341 783 .22068617727528395
448 783 .19219514767333745
457 783 .29406711973042476
234 790 .22552330255323927
398 790 .2038977578704797
404 792 .22561873518404507
137 793 .22056840020105195
220 793 .21992053494742514
409 793 .20858920551814286
327 796 .19312527584009853
107 799 .1969531745689297
350 799 .20757131777001092
391 799 .23304780089811938
270 802 .21719990316941207
2 807 .22750861594185867
159 807 .20083970286446284
194 814 .22546069135230518
277 814 .19748235794205993
323 814 .2385416842184549
431 814 .29311772072633424
106 817 .20306254648669153
8 818 .22502271640176819
118 818 .20615512677296355
145 818 .2625028780780667
259 818 .2193071146809702
387 818 .20855774242967406
163 821 .23044042049661861
409 821 .23051989647222548
250 826 .27474398326758553
431 826 .23862205199145414
152 831 .20956551529209122
412 831 .2779538954882632
303 832 .23938628176786914
272 834 .21515109100368512
437 834 .25026058626665915
272 838 .5127565169832877
180 839 .29177865602725817
367 839 .23531422835557692
134 844 .24914945095611785
273 844 .4045969427097642
179 847 .189049658473893
400 847 .18921005670477875
412 847 .4403096911171831
437 847 .23110114859835296
8 848 .19208990693679695
145 849 .2646343882343407
220 849 .32682296603861616
302 849 .2124976718407483
36 850 .20370111136178082
108 850 .3576214783841083
110 850 .3644575561279728
145 850 .41463379866240135
185 850 .1930613572645079
197 850 .33900331715538723
198 850 .22171712730121484
220 850 .5751876866011836
247 850 .32261549454129135
258 850 .3974112138447756
259 850 .30234981955127527
329 850 .23850192873975917
365 850 .45511866044759586
372 850 .2065780706156648
389 850 .2441623403761941
450 850 .20184957107769197
220 851 .19920256089058164
409 852 .20919247371278082
145 864 .30576282278739253
259 864 .2856011046709961
365 864 .2671148657626956
249 865 .1903544671843571
234 868 .2343323168727771
216 870 .2242190572552225
207 872 .256279506021051
212 872 .21329817906850934
277 872 .22144065208946806
396 874 .18392965261039596
13 875 .22345550550472382
144 875 .23172746358440754
180 875 .2160218681160746
197 875 .24037394852138494
220 875 .20082353548494858
389 875 .2510308713006406
424 875 .21111079381135678
228 876 .22016529492942283
7 892 .2666430981201575
102 892 .20384447893087998
163 892 .20269293724242754
9 895 .2198576190388577
123 895 .22529049515634192
369 895 .3250392998588456
8 896 .21286392090826922
163 898 .2289846986611872
194 898 .2487982589876836
13 899 .19035244959338726
83 899 .21995248484716168
254 899 .2087748819924018
194 902 .25052477110990523
152 903 .25402581879135155
215 903 .20143035618508165
455 903 .20023768024257294
420 905 .24861123208309
62 911 .2299188915826127
116 911 .2496839077125026
135 911 .24325191316945016
138 911 .21399297788767768
142 911 .2514260634411212
147 911 .3415105446061535
158 911 .22466859558966767
237 911 .20515275848405512
346 911 .18426526493626394
412 911 .2882027205849518
437 911 .21870748418760666
412 912 .28392912078445676
223 914 .28548343378321306
314 914 .20569627053980355
435 914 .20267971777534388
117 915 .23187129920319194
61 917 .20604987661381635
64 917 .22532633245914457
116 917 .22405816853065108
138 917 .19253015231025472
142 917 .2499287062110449
152 917 .22697280060239677
235 917 .19942402679625726
396 917 .18461247551262705
400 917 .23305539565407596
412 917 .3624858347875275
457 917 .21348107572335184
247 919 .2427914938507385
430 919 .2259329135885375
451 930 .2180132719863943
146 933 .2356028924840885
324 936 .2444373658315273
138 937 .18093145775747033
396 937 .19272563515179897
437 937 .24503708828291693
16 938 .20535885353715422
158 938 .2314897651112382
412 938 .2504460854617383
217 939 .20176204962231825
294 944 .21212148243851647
138 946 .2042788795175552
412 946 .20519476540923698
75 947 .24065819326560423
207 947 .2684816545864006
238 947 .2833660419746806
421 947 .22827962108572297
398 948 .2028999025022129
398 950 .20048748871003141
157 951 .2369475046123961
289 951 .27017260887993366
102 954 .2560844093653838
301 954 .23850881260486378
144 958 .24004179363850842
211 958 .21062278920234334
223 958 .3087354568939853
259 958 .19775654931174547
389 958 .3382037901891417
300 959 .23405827516139333
302 959 .20258671756745716
8 960 .25854484149506174
9 960 .21781222886739737
258 960 .2735450494147269
324 960 .2711104783544318
368 960 .27966682376905094
108 962 .2220627371608881
223 962 .26554773581930213
2 963 .20732780110753968
133 963 .20474361151523102
215 965 .20667821299196998
234 965 .2628669134240633
235 965 .2385241277064809
110 967 .4348843776212128
145 967 .27715051169040184
197 967 .24079129380862607
220 967 .42430505949760455
247 967 .41007014015467824
259 967 .23382701023041008
220 971 .2903265359519933
329 971 .19620026719035
101 973 .2141049521015841
137 982 .22210537565347455
158 982 .23761902741147267
273 982 .23056469582033134
412 982 .296737610033877
221 984 .21108408794571254
64 985 .19825819534712608
152 985 .2507982120374006
234 985 .24646006133038956
235 985 .21213107583228474
304 985 .1915016481121521
352 985 .3014894834509372
272 993 .24823348599841832
89 995 .2052074323673203
116 995 .22293043943851654
221 995 .2047044889951124
228 995 .20687135163244896
221 996 .21360836278606854
409 996 .319042574661931
108 998 .3807355342180223
110 998 .41452311953721477
180 998 .39913308665151703
197 998 .19721673271671758
220 998 .49336376728046716
329 998 .3927542011866647
430 998 .4698976668725008
65 999 .19989964419320128
250 999 .21301025446497768
168 1000 .23959516633180122
101 1001 .2254926835389215
336 1001 .2168819783040048
183 1002 .18843380833711798
214 1002 .22020961853694931
409 1002 .2719013662214431
137 1005 .25614737098817386
149 1005 .20362794645410087
163 1005 .2339525471907935
409 1005 .3131951683892318
272 1007 .28308785067341624
36 1008 .21691838320391632
157 1015 .25614761139819286
197 1016 .19671258275756198
457 1017 .1957312918332823
54 1018 .19590035468846256
220 1018 .22336388250751504
247 1018 .23111019592321647
430 1018 .23264326344777242
75 1019 .19308667306167493
220 1020 .2532611752904268
247 1020 .2202683822060827
387 1020 .23808184221332862
108 1022 .19893786549667514
421 1022 .22179299414624154
108 1023 .23941407256314928
110 1023 .23983830730693168
220 1023 .26814060822732166
329 1023 .4471445703490611
339 1023 .2504030043726235
110 1024 .20038791947829626
220 1024 .22905478553183034
247 1024 .20157348981930845
329 1024 .27585656254122526
365 1024 .22141652687828994
412 1024 .23437428938770033
207 1025 .31450822448898563
109 1027 .2652552908522141
334 1027 .33519512940480123
355 1027 .23366342457402034
334 1028 .2570922139961329
355 1029 .2192259255540545
