1 1 4.835024058119319
192 1 .2512596314531712
2 2 4.838350000469651
3 3 4.84463233602028
4 4 4.839643422494781
44 4 .2861546393836645
72 4 .33197562748530274
142 4 .3577236802604933
160 4 .2433275670092101
192 4 .30421855746764415
340 4 .33481016804578445
356 4 .3624968614801478
5 5 4.823383259893155
409 5 .22793853081309123
6 6 4.835208832694337
187 6 .23711402745704513
216 6 .26213335729328335
7 7 4.846849630920502
102 7 .21751553525010436
119 7 .29864732283170303
330 7 .26833993087191965
8 8 4.8431541394201325
9 8 .4858299015216163
442 8 .10592765875519472
8 9 .4858299015216163
9 9 4.853501515621167
10 10 4.848327827520649
368 10 .2514817859866576
11 11 4.822089837868024
216 11 .2603050875696451
12 12 4.852762417321093
79 12 .22517654530312825
126 12 .10712256837455669
13 13 4.845740983470391
25 13 .2786918392788711
14 14 4.844632336020281
53 14 .549236723900997
120 14 .22433064508387446
15 15 4.8372413530195395
16 16 4.839458647919763
234 16 .32944400600306567
17 17 4.838719549619689
34 17 .29340050774017223
216 17 .29884751188710457
356 17 .2803197252694769
394 17 .29280299029334245
18 18 4.849066925820724
19 19 4.845371434320354
20 20 4.8431541394201325
21 20 .713745624110059
20 21 .713745624110059
21 21 4.809709941341787
246 21 .22517045433860217
22 22 4.839458647919763
23 22 .8471841093845107
129 22 .21634267064077495
22 23 .8471841093845107
23 23 4.830219919168838
40 23 .2598023273982517
24 24 4.845371434320354
57 24 .10826335619885086
13 25 .2786918392788711
25 25 4.84733004481555
428 25 .29449016354607327
26 26 4.848327827520649
137 26 .2216457737293731
428 26 .24382788761414087
27 27 4.849806024120797
418 27 .24577468834429217
28 28 4.832067664919022
29 28 .6049869407076724
28 29 .6049869407076724
29 29 4.820611641267878
30 30 4.849066925820723
31 31 4.85054512242087
32 31 .7734609679536888
33 31 .44595976135818427
344 31 .8332376646358002
422 31 .3949386891176472
31 32 .7734609679536888
32 32 4.8520233190210185
33 32 .41807472329544204
31 33 .44595976135818427
32 33 .41807472329544204
33 33 4.8520233190210185
164 33 .2671035640626416
422 33 .41580218198995045
17 34 .29340050774017223
34 34 4.846110532620427
153 34 .25150186741707437
359 34 .24292889026239362
35 35 4.804277568836245
165 35 .21651367948575873
281 35 .10828109149906417
36 36 4.84463233602028
263 36 .29943100305680304
340 36 .37008620678134596
448 36 .23552452012856984
37 37 4.846110532620427
38 38 4.845556208895372
356 38 .38192845162153466
360 38 .3604788479581318
389 38 .2506601153162249
39 39 4.840197746219836
51 39 .47421395903411767
84 39 .5246319170432758
449 39 .3127956008257544
23 40 .2598023273982517
40 40 4.822459387018063
67 40 .2500529362798716
83 40 .5845695106476327
93 40 .22134466346714188
175 40 .6714210451246911
386 40 .7792953565956737
398 40 .24934359430553954
41 41 4.843154139420132
42 42 4.551495391663824
67 42 .6939760337260554
43 43 4.8335458615191715
87 43 .29530422935147005
4 44 .2861546393836645
44 44 4.849066925820723
45 45 4.833545861519171
119 45 .35487982125035566
213 45 .3234764450073273
419 45 .30121564372796117
453 45 .29053472562073335
46 46 4.820796415842897
47 47 4.8475887292205755
48 48 4.851284220720945
52 48 .35162770777980645
106 48 .3238164313670815
49 49 4.852762417321093
50 50 4.815437953167359
118 50 .21363747965890445
167 50 .3335287884251126
223 50 .37878184667527304
235 50 .23853671993693704
278 50 .23035584505223916
39 51 .47421395903411767
51 51 4.838350000469651
354 51 .6707602978002853
48 52 .35162770777980645
52 52 4.849251700395742
53 52 .6510058025097196
14 53 .549236723900997
52 53 .6510058025097196
53 53 4.848512602095667
100 53 .21219778118724353
398 53 .23913310672696886
54 54 4.8475887292205755
239 54 .3696617200160097
55 55 4.849066925820723
56 56 4.849990798695815
323 56 .22213763889164184
333 56 .32735242663706643
24 57 .10826335619885086
57 57 4.787167443189534
58 58 4.722324765541979
67 58 .40414532338206977
88 58 .4503115234376267
59 59 4.849806024120797
60 60 4.849806024120797
61 61 4.849806024120797
141 61 .3228216434496902
290 61 .33639962718794036
420 61 .2237046636510156
62 62 4.845371434320353
63 63 4.845371434320354
431 63 .22892855639930643
64 64 4.841675942819984
65 65 4.846849630920501
66 66 4.835024058119318
348 66 .28815345408632576
375 66 .26459529665473847
386 66 .2572819986385708
394 66 .22457986091699533
40 67 .2500529362798716
42 67 .6939760337260554
58 67 .40414532338206977
67 67 3.978290750776279
68 68 4.84703440549552
149 68 .22289761639363626
248 68 .24955229337478135
69 69 4.845371434320354
70 70 4.84093684451991
71 71 4.846849630920501
244 71 .24080971154322084
257 71 .2627934416018114
338 71 .22751869159175842
383 71 .33558906255308196
435 71 .295635999575786
4 72 .33197562748530274
72 72 4.852762417321093
154 72 .3113428683565469
248 72 .4239256105687401
300 72 .4526067159881042
305 72 .24301834039101733
340 72 .341286860421667
357 72 .3447247951357393
391 72 .4081453087094
73 73 4.843154139420132
342 73 .22214149823796836
74 74 4.842415041120058
75 75 4.840936844519911
76 76 4.82822435375864
77 77 4.599179550323592
78 78 4.845371434320354
12 79 .22517654530312825
79 79 4.8296655954437835
80 80 4.829480820868763
257 80 .2460280693886716
389 80 .23547016561962586
420 80 .22476704481778143
81 81 4.849806024120797
82 82 4.842415041120058
380 82 .2202053231596004
398 82 .24143252538111648
40 83 .5845695106476327
83 83 4.852762417321093
181 83 .24381134033636576
240 83 .5374132290490095
419 83 .27039380894662335
440 83 .4270892718649004
39 84 .5246319170432758
84 84 4.8475887292205755
449 84 .31489303148541126
85 85 4.835208832694337
86 86 4.827078751393524
43 87 .29530422935147005
87 87 4.65635941775845
103 87 1.6156600571161395
122 87 .2784051575247046
286 87 .35073873998255056
296 87 .22875705421753523
312 87 .4985097478770917
58 88 .4503115234376267
88 88 4.4669450257941685
103 88 1.7040842229008142
296 88 .24057125243861677
89 89 4.701743517521707
90 89 .8992549913560142
89 90 .8992549913560142
90 90 4.006319183294734
144 90 .10773592724596037
279 90 2.393540828117447
409 90 .11260673243886865
91 91 4.033738690370563
95 91 1.511332263620619
283 91 1.7118075343300538
92 92 4.776967886648514
93 92 .576041267647291
285 92 .6077498889531325
40 93 .22134466346714188
92 93 .576041267647291
93 93 4.759060590692437
284 93 .6194835709773767
94 94 4.190451791263252
95 94 2.460923375657692
428 94 .25896397664335646
91 95 1.511332263620619
94 95 2.460923375657692
95 95 3.8824226314602654
96 95 1.843953107689463
176 95 .2350402534881617
284 95 .9181073956210142
287 95 2.1524266473964686
95 96 1.843953107689463
96 96 4.107148349201502
97 96 2.4179579631726424
288 96 1.7980502041773399
96 97 2.4179579631726424
97 97 4.1354296023164565
105 97 .9431493545338281
113 97 .42581212004805424
98 98 4.80372324511119
105 98 .8118232486579533
99 99 4.841491168244965
348 99 .24494518394240172
53 100 .21219778118724353
100 100 4.8424150411200575
272 100 .21173673798610704
318 100 .27606757743773125
393 100 .2938081237904089
101 101 4.85424061392124
7 102 .21751553525010436
102 102 4.8379804513196145
87 103 1.6156600571161395
88 103 1.7040842229008142
103 103 4.389860758743162
122 103 .3234990014469359
296 103 .24170752278304786
311 103 .23138490015642255
104 104 4.78337692476487
447 104 .2270768634692817
97 105 .9431493545338281
98 105 .8118232486579533
105 105 4.642755554265451
48 106 .3238164313670815
106 106 4.811372912516951
188 106 .1058838488840288
194 106 .3009565806257486
215 106 .32256022407367224
434 106 .24004974726814776
107 107 4.8520233190210185
132 107 .2959676935033264
350 107 .5315469975784048
377 107 .3783064566823757
108 108 4.846849630920501
377 108 .5055111233820067
109 109 4.84093684451991
111 109 .39397740769567946
334 109 .28715826748935225
110 110 4.852762417321093
377 110 .48859222822387327
109 111 .39397740769567946
111 111 4.8475887292205755
355 111 .46408712567177535
112 112 4.848327827520649
97 113 .42581212004805424
113 113 4.754573208156276
248 113 .2983745164260694
311 113 .23191733393850855
312 113 .520600547654857
114 114 4.847219180070539
115 115 4.845371434320354
116 116 4.845371434320353
117 117 4.84463233602028
50 118 .21363747965890445
118 118 4.8475887292205755
235 118 .2897867017853626
351 118 .10603424357776037
7 119 .29864732283170303
45 119 .35487982125035566
119 119 4.8366870292944855
14 120 .22433064508387446
120 120 4.848327827520649
159 120 .44363221404525
350 120 .2635676185373552
121 121 4.846110532620427
87 122 .2784051575247046
103 122 .3234990014469359
122 122 4.7976995939655875
281 122 .32914815656913454
123 123 4.846849630920502
368 123 .25538290265932195
124 124 4.84093684451991
125 125 4.843523688570169
12 126 .10712256837455669
126 126 4.841306393669948
127 127 4.843154139420132
167 127 .22057438913757021
389 127 .41232432308994627
420 127 .348886908947156
128 128 4.832991537794116
22 129 .21634267064077495
129 129 4.848327827520649
251 129 .4640860385803216
262 129 .4863470362541755
130 130 4.8475887292205755
131 131 4.840197746219836
107 132 .2959676935033264
132 132 4.849066925820723
133 133 4.799362565140752
134 134 4.838719549619688
135 135 4.845371434320354
216 135 .22916568676253757
136 136 4.850545122420871
362 136 .37723109531040055
26 137 .2216457737293731
137 137 4.849806024120797
138 138 4.836317480144448
410 138 .3034932248098401
139 139 4.844817110595299
140 140 4.84832782752065
335 140 .2144362724877391
61 141 .3228216434496902
141 141 4.849806024120797
149 141 .3108951290971862
4 142 .3577236802604933
142 142 4.838719549619688
263 142 .2886940064288406
143 143 4.841121619094929
90 144 .10773592724596037
144 144 4.849066925820723
250 144 .26560658843028184
255 144 .24523636095781187
440 144 .22953128837042147
145 145 4.850545122420871
146 146 4.843893237720206
301 146 .24254673341540922
147 147 4.824122358193228
148 148 4.850545122420871
68 149 .22289761639363626
141 149 .3108951290971862
149 149 4.841306393669947
150 150 4.8206116412678774
211 150 .21951756299616632
151 151 4.8475887292205755
302 151 .3529566540640028
343 151 .2410045433210728
433 151 .27278304327398173
152 152 4.757788285761594
380 152 .25528547162389614
34 153 .25150186741707437
153 153 4.843893237720206
154 153 .2729599341065039
302 153 .25297843109549767
335 153 .25221280294788473
72 154 .3113428683565469
153 154 .2729599341065039
154 154 4.846110532620427
248 154 .3228365552849439
334 154 .3591918955004423
357 154 .3104940986917666
450 154 .4034219212007275
155 155 4.8117424616669915
156 156 4.754462343411263
173 156 .3630619937671322
293 156 .40872094801753267
157 157 4.852762417321093
246 157 .22700332597552686
158 158 4.843154139420132
120 159 .44363221404525
159 159 4.8520233190210185
4 160 .2433275670092101
160 160 4.841675942819984
340 160 .2187409681557635
447 160 .2491404630632026
161 161 4.835024058119319
162 162 4.846849630920502
163 163 4.853501515621167
227 163 .2585379766172622
33 164 .2671035640626416
164 164 4.843893237720206
372 164 .23958467582743204
442 164 .297163572698973
443 164 .2681780526394242
35 165 .21651367948575873
165 165 4.846110532620427
177 165 .218282250379068
166 166 4.834469734394263
50 167 .3335287884251126
127 167 .22057438913757021
167 167 4.701764634615991
168 167 .6784518808097526
214 167 .5530890568920968
167 168 .6784518808097526
168 168 4.7917128977349845
212 168 .3181997509703489
214 168 .5666949117221338
223 168 .32305013102606317
226 168 .21568657772067512
346 168 .2505115794498125
390 168 .3098384426472012
406 168 .26166219007750335
169 169 4.839458647919763
235 169 .24879571126893563
170 170 4.808786068466696
171 171 4.0824845675532355
173 171 2.4191362243323087
293 171 2.1782041075204255
312 171 .9102738161449833
172 172 4.843893237720206
156 173 .3630619937671322
171 173 2.4191362243323087
173 173 4.190047926834994
175 173 .4189535524586523
176 173 .2539172631171627
312 173 .864741069185992
174 174 4.84703440549552
192 174 .44779210183779306
201 174 .3021361002404368
447 174 .38163264841291866
40 175 .6714210451246911
173 175 .4189535524586523
175 175 4.819872542967804
95 176 .2350402534881617
173 176 .2539172631171627
176 176 4.792895455015107
165 177 .218282250379068
177 177 4.83724135301954
178 178 4.851284220720945
387 178 .22326806548753764
179 179 4.851284220720945
180 180 4.845371434320354
83 181 .24381134033636576
181 181 4.840936844519911
386 181 .2789120076359426
182 182 4.845371434320353
234 182 .21780435139968546
183 183 4.849806024120797
354 183 .3736654560969135
184 184 4.8213507395679525
185 185 4.83613270556943
186 186 4.833545861519171
6 187 .23711402745704513
187 187 4.853501515621167
106 188 .1058838488840288
188 188 4.845371434320353
450 188 .26301784767185765
189 189 4.845371434320353
190 190 4.835208832694337
191 191 4.843893237720205
1 192 .2512596314531712
4 192 .30421855746764415
174 192 .44779210183779306
192 192 4.8520233190210185
253 192 .23329338260178645
193 193 4.84832782752065
106 194 .3009565806257486
194 194 4.851284220720945
195 195 4.838165225894633
196 196 4.845371434320354
199 196 .25793928593060356
254 196 .27208415012897547
197 197 4.827263525968543
198 198 4.845371434320354
284 198 .22417610235910512
196 199 .25793928593060356
199 199 4.840936844519909
447 199 .3510376770436596
200 200 4.829296046293745
174 201 .3021361002404368
201 201 4.848327827520649
202 202 4.853501515621167
282 202 .25882202933221743
391 202 .4016771127483314
203 203 4.8520233190210185
361 203 .31910581827370343
204 204 4.709266482361745
298 204 .6122073616250008
205 205 4.853501515621167
206 206 4.838904324194708
207 207 4.849806024120797
208 208 4.849806024120797
209 209 4.846110532620427
224 209 .23057124295832399
210 210 4.8475887292205755
211 210 .275336650545861
150 211 .21951756299616632
210 211 .275336650545861
211 211 4.769133444667728
215 211 .1065720645641055
234 211 .40817289429532533
383 211 .27880355237832566
388 211 .2265452004971804
168 212 .3181997509703489
212 212 4.843893237720206
45 213 .3234764450073273
213 213 4.838165225894633
224 213 .21226582428797602
333 213 .34272796498473435
167 214 .5530890568920968
168 214 .5666949117221338
214 214 4.641454213329961
225 214 .21617240400478321
243 214 .27632425412422146
383 214 .42845754352442667
106 215 .32256022407367224
211 215 .1065720645641055
215 215 4.8359479309944104
6 216 .26213335729328335
11 216 .2603050875696451
17 216 .29884751188710457
135 216 .22916568676253757
216 216 4.838904324194706
325 216 .24595302644910833
405 216 .3333486644036552
217 217 4.846110532620427
218 217 .3067800786442536
261 217 .2845800767027704
320 217 .28484231822898565
217 218 .3067800786442536
218 218 4.84463233602028
327 218 .2803549312767828
346 218 .26405688536386984
219 219 4.776746157158492
242 219 .41635744781828654
298 219 .3864922962834343
220 220 4.845371434320354
324 220 .6621579955843311
430 220 1.0733527117143256
434 220 .2798879473164195
221 221 4.811779416581994
222 222 4.8353936072693555
50 223 .37878184667527304
168 223 .32305013102606317
223 223 4.849066925820722
209 224 .23057124295832399
213 224 .21226582428797602
224 224 4.836687029294485
214 225 .21617240400478321
225 225 4.850545122420871
168 226 .21568657772067512
226 226 4.851284220720945
163 227 .2585379766172622
227 227 4.850545122420871
447 227 .23756824368005303
228 228 4.8475887292205755
280 228 .23647265989930455
398 228 .25656294201643925
229 229 4.84832782752065
230 230 4.833545861519171
231 231 4.794927975340311
232 232 4.850545122420871
233 233 4.806938322716512
242 233 .29639844551666394
353 233 .24224790358146997
16 234 .32944400600306567
182 234 .21780435139968546
211 234 .40817289429532533
234 234 4.850545122420871
236 234 .3857328977670833
320 234 .3315423930908379
337 234 .307053730389542
382 234 .29818090115656304
394 234 .23946134770425953
417 234 .31373631143368375
50 235 .23853671993693704
118 235 .2897867017853626
169 235 .24879571126893563
235 235 4.818579120942674
346 235 .3129068239012769
361 235 .25867336350313686
234 236 .3857328977670833
236 236 4.849806024120797
237 237 4.832067664919022
347 237 .22572381296910615
351 237 .26946962574676103
238 238 4.838350000469652
54 239 .3696617200160097
239 239 4.842415041120058
251 239 .2848848254551424
295 239 .22979645063697385
399 239 .2557708393130729
83 240 .5374132290490095
240 240 4.849066925820723
250 240 .283352602959412
368 240 .24675063541903963
440 240 .39551843738483683
241 241 4.843893237720206
219 242 .41635744781828654
233 242 .29639844551666394
242 242 4.434897355553591
298 242 .944637981428067
214 243 .27632425412422146
243 243 4.8424150411200575
337 243 .22105346931188752
435 243 .2549876007117775
71 244 .24080971154322084
244 244 4.848327827520649
346 244 .23546315561684006
383 244 .28118802189927283
245 245 4.843893237720206
317 245 .23643821653378616
326 245 .2291749958901792
341 245 .2552257005348273
21 246 .22517045433860217
157 246 .22700332597552686
246 246 4.837241353019541
247 247 4.8475887292205755
387 247 .47913261521691286
403 247 .2865927613255579
68 248 .24955229337478135
72 248 .4239256105687401
113 248 .2983745164260694
154 248 .3228365552849439
248 248 4.84463233602028
249 249 4.838719549619689
144 250 .26560658843028184
240 250 .283352602959412
250 250 4.698343665341364
129 251 .4640860385803216
239 251 .2848848254551424
251 251 4.844632336020279
252 252 4.804351478666253
192 253 .23329338260178645
253 253 4.845371434320354
196 254 .27208415012897547
254 254 4.846849630920501
320 254 .24175156196221703
144 255 .24523636095781187
255 255 4.832991537794116
256 256 4.84093684451991
71 257 .2627934416018114
80 257 .2460280693886716
257 257 4.850545122420871
258 258 4.78642834488946
259 259 4.830774242893895
260 260 4.844817110595298
217 261 .2845800767027704
261 261 4.839458647919763
129 262 .4863470362541755
262 262 4.8468496309205005
36 263 .29943100305680304
142 263 .2886940064288406
263 263 4.846110532620427
359 263 .2986844733799767
403 263 .2650071595228356
264 264 4.845556208895372
265 265 4.846849630920501
267 265 .3982672417596014
266 266 4.84463233602028
265 267 .3982672417596014
267 267 4.838165225894634
268 268 4.847034405495519
269 269 4.842415041120058
270 270 4.838904324194706
271 271 4.84093684451991
100 272 .21173673798610704
272 272 4.839458647919762
273 273 4.843154139420132
274 274 4.84093684451991
412 274 .27974709822723964
275 275 4.8335458615191715
276 276 4.831698115768986
277 277 4.846110532620427
379 277 .224576153241125
50 278 .23035584505223916
278 278 4.834469734394263
90 279 2.393540828117447
279 279 4.065142129257367
280 279 1.8375608028420318
281 279 1.9743329357680817
228 280 .23647265989930455
279 280 1.8375608028420318
280 280 4.330442368559806
281 280 1.8282705348838624
35 281 .10828109149906417
122 281 .32914815656913454
279 281 1.9743329357680817
280 281 1.8282705348838624
281 281 4.179468157995807
282 281 1.6393407026094122
283 281 1.642860923417497
202 282 .25882202933221743
281 282 1.6393407026094122
282 282 4.464210442072886
312 282 .4554490334919925
91 283 1.7118075343300538
281 283 1.642860923417497
283 283 4.239359861512784
93 284 .6194835709773767
95 284 .9181073956210142
198 284 .22417610235910512
284 284 4.607436334190131
92 285 .6077498889531325
285 285 4.816546600617471
87 286 .35073873998255056
286 286 4.833915410669208
95 287 2.1524266473964686
287 287 4.30632592698217
96 288 1.7980502041773399
288 288 4.455832425657174
289 289 4.843338913995151
61 290 .33639962718794036
290 290 4.830774242893894
291 291 4.849066925820724
314 291 .2883290608954785
341 291 .2206514643950741
361 291 .24176043070142317
292 292 4.6080469701666225
156 293 .40872094801753267
171 293 2.1782041075204255
293 293 4.333843260597062
312 293 .8966424959229
294 294 4.829111271718728
351 294 .23255732348950175
239 295 .22979645063697385
295 295 4.841675942819984
87 296 .22875705421753523
88 296 .24057125243861677
103 296 .24170752278304786
296 296 4.849806024120797
297 296 .5384918459107761
296 297 .5384918459107761
297 297 4.838350000469652
204 298 .6122073616250008
219 298 .3864922962834343
242 298 .944637981428067
298 298 4.389428732036189
299 299 4.84093684451991
72 300 .4526067159881042
300 300 4.846110532620427
340 300 .34818390411388167
146 301 .24254673341540922
301 301 4.822459387018062
345 301 .24739014065030496
394 301 .24720117182797763
151 302 .3529566540640028
153 302 .25297843109549767
302 302 4.850545122420871
324 302 .42797701208173766
369 302 .25032049572766324
303 303 4.839458647919762
304 304 4.840936844519909
356 304 .23454848183035182
72 305 .24301834039101733
305 305 4.849990798695815
306 306 4.8424150411200575
307 307 4.842599815695077
406 307 .24787038479289425
308 308 4.834469734394263
309 309 4.837795676744596
310 310 4.846110532620427
103 311 .23138490015642255
113 311 .23191733393850855
311 311 4.843893237720207
87 312 .4985097478770917
113 312 .520600547654857
171 312 .9102738161449833
173 312 .864741069185992
282 312 .4554490334919925
293 312 .8966424959229
312 312 4.637785118197453
313 313 4.837610902169577
389 313 .2548642707683584
291 314 .2883290608954785
314 314 4.85424061392124
337 314 .2648443901106958
315 315 4.843893237720206
412 315 .2445253545504138
316 316 4.842415041120058
245 317 .23643821653378616
317 317 4.850545122420871
100 318 .27606757743773125
318 318 4.840197746219836
319 319 4.847219180070539
217 320 .28484231822898565
234 320 .3315423930908379
254 320 .24175156196221703
320 320 4.846110532620428
321 321 4.843154139420132
322 322 4.834321914734248
56 323 .22213763889164184
323 323 4.845371434320354
220 324 .6621579955843311
302 324 .42797701208173766
324 324 4.851284220720945
357 324 .32958863550999506
394 324 .34052047493215065
216 325 .24595302644910833
325 325 4.846110532620427
380 325 .33805742959540996
388 325 .25364606804017154
245 326 .2291749958901792
326 326 4.84093684451991
218 327 .2803549312767828
327 327 4.845371434320354
405 327 .22326320272078348
328 328 4.851284220720945
329 329 4.849806024120797
362 329 .3605516235891688
403 329 .30250235155017435
7 330 .26833993087191965
330 330 4.849066925820723
331 331 4.845371434320354
332 332 4.84463233602028
422 332 .39167215972304614
56 333 .32735242663706643
213 333 .34272796498473435
333 333 4.845371434320354
423 333 .24293208622265272
109 334 .28715826748935225
154 334 .3591918955004423
334 334 4.8475887292205755
372 334 .2160641630967839
140 335 .2144362724877391
153 335 .25221280294788473
335 335 4.840197746219836
336 336 4.844632336020279
234 337 .307053730389542
243 337 .22105346931188752
314 337 .2648443901106958
337 337 4.851284220720945
71 338 .22751869159175842
338 338 4.849066925820723
339 339 4.839643422494781
4 340 .33481016804578445
36 340 .37008620678134596
72 340 .341286860421667
160 340 .2187409681557635
300 340 .34818390411388167
340 340 4.8475887292205755
356 340 .3324382796566785
245 341 .2552257005348273
291 341 .2206514643950741
341 341 4.816916149767506
73 342 .22214149823796836
342 342 4.847588729220575
430 342 .4952001526360723
151 343 .2410045433210728
343 343 4.848327827520649
344 343 .5237577125971722
369 343 .22529571431426243
31 344 .8332376646358002
343 344 .5237577125971722
344 344 4.8424150411200575
372 344 .9614622247302895
301 345 .24739014065030496
345 345 4.845371434320354
360 345 .43615389483019884
168 346 .2505115794498125
218 346 .26405688536386984
235 346 .3129068239012769
244 346 .23546315561684006
346 346 4.798180007860633
237 347 .22572381296910615
347 347 4.849806024120797
66 348 .28815345408632576
99 348 .24494518394240172
348 348 4.831328566618949
349 349 4.838719549619688
107 350 .5315469975784048
120 350 .2635676185373552
350 350 4.851284220720945
118 351 .10603424357776037
237 351 .26946962574676103
294 351 .23255732348950175
351 351 4.8520233190210185
352 352 4.84463233602028
233 353 .24224790358146997
353 353 4.8424150411200575
51 354 .6707602978002853
183 354 .3736654560969135
354 354 4.846849630920501
111 355 .46408712567177535
355 355 4.845371434320354
4 356 .3624968614801478
17 356 .2803197252694769
38 356 .38192845162153466
304 356 .23454848183035182
340 356 .3324382796566785
356 356 4.8520233190210185
448 356 .2161204456845085
72 357 .3447247951357393
154 357 .3104940986917666
324 357 .32958863550999506
357 357 4.832806763219097
369 357 .31673348266845913
450 357 .2883368803409736
358 358 4.838719549619689
34 359 .24292889026239362
263 359 .2986844733799767
359 359 4.840197746219835
38 360 .3604788479581318
345 360 .43615389483019884
360 360 4.84463233602028
203 361 .31910581827370343
235 361 .25867336350313686
291 361 .24176043070142317
361 361 4.849806024120797
136 362 .37723109531040055
329 362 .3605516235891688
362 362 4.830589468318876
363 363 4.807788285761594
364 364 4.8270787513935245
365 365 4.805497081031366
366 366 4.846849630920501
367 367 4.840197746219836
10 368 .2514817859866576
123 368 .25538290265932195
240 368 .24675063541903963
368 368 4.843523688570169
399 368 .3167930222631994
429 368 .2512138118680185
302 369 .25032049572766324
343 369 .22529571431426243
357 369 .31673348266845913
369 369 4.8520233190210185
399 369 .30355971025127726
370 370 4.8475887292205755
371 371 4.834469734394264
164 372 .23958467582743204
334 372 .2160641630967839
344 372 .9614622247302895
372 372 4.849066925820723
399 372 .40008881481354663
443 372 .3091654312931529
373 373 4.83243721406906
374 374 4.846110532620427
66 375 .26459529665473847
375 375 4.852762417321093
435 375 .2381456010174614
376 376 4.810116445406829
107 377 .3783064566823757
108 377 .5055111233820067
110 377 .48859222822387327
377 377 4.850545122420871
391 377 .4127746382051929
378 378 4.844262786870243
277 379 .224576153241125
379 379 4.83502405811932
82 380 .2202053231596004
152 380 .25528547162389614
325 380 .33805742959540996
380 380 4.843893237720206
381 381 4.8388304143647
382 381 .2543965294007746
234 382 .29818090115656304
381 382 .2543965294007746
382 382 4.835024058119318
416 382 .37191468901836844
71 383 .33558906255308196
211 383 .27880355237832566
214 383 .42845754352442667
244 383 .28118802189927283
383 383 4.82874172256869
390 383 .5125152222784983
384 384 4.839458647919762
385 385 4.8431541394201325
40 386 .7792953565956737
66 386 .2572819986385708
181 386 .2789120076359426
386 386 4.817840022642601
178 387 .22326806548753764
247 387 .47913261521691286
387 387 4.849806024120797
430 387 .49442078116686927
211 388 .2265452004971804
325 388 .25364606804017154
388 388 4.83613270556943
38 389 .2506601153162249
80 389 .23547016561962586
127 389 .41232432308994627
313 389 .2548642707683584
389 389 4.846110532620427
420 389 .3812192332286135
168 390 .3098384426472012
383 390 .5125152222784983
390 390 4.803908019686205
72 391 .4081453087094
202 391 .4016771127483314
377 391 .4127746382051929
391 391 4.830589468318874
392 392 4.832252439494042
100 393 .2938081237904089
393 393 4.846110532620427
415 393 .3095584059798999
17 394 .29280299029334245
66 394 .22457986091699533
234 394 .23946134770425953
301 394 .24720117182797763
324 394 .34052047493215065
394 394 4.83502405811932
395 395 4.8475887292205755
396 396 4.83373063609419
397 397 4.8361327055694305
40 398 .24934359430553954
53 398 .23913310672696886
82 398 .24143252538111648
228 398 .25656294201643925
398 398 4.8328067632190965
239 399 .2557708393130729
368 399 .3167930222631994
369 399 .30355971025127726
372 399 .40008881481354663
399 399 4.85424061392124
433 399 .30879661278974746
400 400 4.846110532620427
401 401 4.839089098769725
402 402 4.84463233602028
247 403 .2865927613255579
263 403 .2650071595228356
329 403 .30250235155017435
403 403 4.845371434320354
404 404 4.841675942819983
216 405 .3333486644036552
327 405 .22326320272078348
405 405 4.8475887292205755
168 406 .26166219007750335
307 406 .24787038479289425
406 406 4.84463233602028
407 407 4.846849630920502
408 408 4.846110532620427
5 409 .22793853081309123
90 409 .11260673243886865
409 409 4.798993015990714
138 410 .3034932248098401
410 410 4.844632336020281
411 411 4.849066925820724
274 412 .27974709822723964
315 412 .2445253545504138
412 412 4.848327827520649
413 413 4.843893237720206
414 414 4.823937583618211
393 415 .3095584059798999
415 415 4.841675942819984
382 416 .37191468901836844
416 416 4.838904324194707
234 417 .31373631143368375
417 417 4.846110532620427
27 418 .24577468834429217
418 418 4.84093684451991
45 419 .30121564372796117
83 419 .27039380894662335
419 419 4.835024058119317
61 420 .2237046636510156
80 420 .22476704481778143
127 420 .348886908947156
389 420 .3812192332286135
420 420 4.84093684451991
421 421 4.82042686669286
31 422 .3949386891176472
33 422 .41580218198995045
332 422 .39167215972304614
422 422 4.8431541394201325
442 422 .3612077193609693
333 423 .24293208622265272
423 423 4.845371434320354
424 424 4.850545122420871
425 425 4.845371434320354
426 426 4.8270787513935245
427 427 4.85424061392124
25 428 .29449016354607327
26 428 .24382788761414087
94 428 .25896397664335646
428 428 4.846110532620427
368 429 .2512138118680185
429 429 4.097923858491423
220 430 1.0733527117143256
342 430 .4952001526360723
387 430 .49442078116686927
430 430 4.8520233190210185
63 431 .22892855639930643
431 431 4.8475887292205755
432 432 4.839828197069799
151 433 .27278304327398173
399 433 .30879661278974746
433 433 4.846110532620427
106 434 .24004974726814776
220 434 .2798879473164195
434 434 4.837426127594559
71 435 .295635999575786
243 435 .2549876007117775
375 435 .2381456010174614
435 435 4.806753548141492
436 436 4.847773503795594
437 437 4.839458647919762
455 437 .3778552911080544
438 438 4.837610902169576
439 439 4.8475887292205755
83 440 .4270892718649004
144 440 .22953128837042147
240 440 .39551843738483683
440 440 4.851284220720945
441 441 4.8475887292205755
8 442 .10592765875519472
164 442 .297163572698973
422 442 .3612077193609693
442 442 4.8520233190210185
443 442 .2366245620233478
164 443 .2681780526394242
372 443 .3091654312931529
442 443 .2366245620233478
443 443 4.841675942819984
444 444 4.832806763219097
445 445 4.8424150411200575
446 446 4.845371434320354
104 447 .2270768634692817
160 447 .2491404630632026
174 447 .38163264841291866
199 447 .3510376770436596
227 447 .23756824368005303
447 447 4.846110532620427
36 448 .23552452012856984
356 448 .2161204456845085
448 448 4.845371434320354
39 449 .3127956008257544
84 449 .31489303148541126
449 449 4.843893237720206
154 450 .4034219212007275
188 450 .26301784767185765
357 450 .2883368803409736
450 450 4.8424150411200575
451 451 4.848327827520649
452 452 4.82874172256869
45 453 .29053472562073335
453 453 4.84463233602028
454 454 4.841675942819984
437 455 .3778552911080544
455 455 4.818024797217618
456 456 4.840197746219836
457 457 4.851284220720945
40 459 1.1176058250073009
121 459 .7468128874213145
228 459 1.0085626342681895
375 459 .5684605519193857
386 459 .7499177505781232
55 461 .4623237016915649
317 461 .51797386932052
314 463 .3151781166208103
435 463 .3421461824606249
40 464 .4178255261300148
121 464 .46516723844772123
146 464 .4419023133476694
40 466 .565129835071458
146 466 .584247093126419
228 466 .5618408723843533
375 466 .5084505867655675
340 469 .323809443532868
356 469 .3537540028127264
13 475 .34328068703607606
157 475 .4337018049376091
338 476 .3395439095506312
157 479 .636731040588046
40 482 .5668912048574777
41 482 .31015767244573933
121 482 .519471725445606
129 482 .4261166188702905
146 482 .5543354964680134
228 482 .5630233204581314
157 485 .3238879815245852
45 488 .5188538067356676
419 488 .31752036957774976
228 493 .38019808549359535
44 501 .34713136389793675
61 501 .36970114521265085
107 501 .327666124559026
149 501 .32780773797597007
202 501 .3826733444258634
248 501 .33676576214831666
324 501 .33140121889384666
438 501 .3554347099656221
40 503 .340431609017819
83 503 .33681538593599303
146 503 .3020306530061969
175 503 .3462368831173661
228 503 .33849375531437076
251 503 .30723260664473706
48 504 .34665196353650707
228 504 .3671970521005612
61 505 .36496726088415166
142 505 .3458317269801343
148 505 .3430978437857295
149 505 .4925892951169599
391 505 .41006447973499593
438 505 .32390323971337853
45 512 .46002737953067907
119 512 .33254993269209
40 513 .7625217307828009
251 513 .5347527012745674
404 514 .33758060864124584
40 526 .44835783602204415
83 526 .4371453930678717
251 526 .43778800462215717
375 526 .43393417656523425
54 530 .3511616823211492
180 530 .3456253008226362
220 530 1.0632036400097693
365 530 .42012513314270894
387 530 .45417814261278266
183 531 .304241126758769
234 531 .3175961184626388
37 534 .35615292717477054
40 534 .7563703817124061
48 534 .3278871970688968
120 534 .38270413303376927
228 534 .7335881423986974
240 534 .4768384971891342
251 534 .5643390305328033
285 534 .3232010453478349
406 534 .35895278378911133
40 538 .3166859081893838
228 538 .3344752036129721
149 539 .3138104104671742
107 542 .41626264312200423
221 542 .371699685480662
61 549 .39924055270431946
149 549 .4116160327023328
391 549 .475488833434194
83 550 .32468756586991354
40 559 .6187285263921742
44 559 .3304697323019514
48 559 .3390180401297087
89 559 .35633884369119606
146 559 .6352464015522274
159 559 .46864213085753637
202 559 .35166209361685663
228 559 .6512991665846686
214 560 .32275373082610415
290 560 .34354897017958663
101 561 .40588525030646583
214 562 .32963309573129873
40 572 .3363758608717271
146 572 .32414056902918986
228 572 .3551042938482487
375 572 .36665789005567007
386 572 .3575470265613223
37 573 .32942897596873255
40 573 .4468179807296391
121 573 .4391040654311169
146 573 .465105182236897
228 573 .4216114789401777
394 574 .31217339689435253
41 587 .3428767361894076
40 589 .3109752330151885
48 589 .3553644916772907
83 592 .38094527188241223
240 592 .4037584673892294
248 592 .38723388852066076
286 592 .35716823237082806
324 592 .34388487179501315
251 600 .4266110497777422
36 601 .34321511557718054
44 601 .336157750250087
197 601 .33954144462984726
202 601 .7362300007858389
248 601 .4098092256986625
324 601 .3375952645256213
340 601 .3609713209844303
356 601 .4004824844041943
391 601 .37379009092680704
436 601 .3151751352213683
239 602 .29631165857387565
40 607 .3680797213706173
121 607 .35908647724711606
228 607 .35602386184692225
36 609 .4015404055276113
40 609 .43613288794004923
146 609 .3883095866305126
256 611 .3621478395957958
40 614 .42513787763336186
436 614 .3157395438855133
36 615 .32367747849381967
40 615 .34761640165157637
159 615 .33997834587939746
45 619 .4388909410197881
51 626 .31864795677242075
187 626 .36134270251929745
354 626 .315882941357958
11 627 .37102856696903697
40 627 .7798804413334937
129 627 .44921977979787897
146 627 .7879107553427884
228 627 .8116357932017149
251 627 .5314546602261103
285 627 .33096532856496275
51 632 .4745138055572218
158 632 .4848816462248351
187 632 .4170977098717765
193 632 .4299488071579729
354 632 .48151904445458626
410 632 .4999978680436552
220 634 .7642850722269419
247 634 .7944917427001101
362 634 .3758998179340205
430 634 .7994998870176522
38 637 .3198064598621606
324 637 .36691562417429857
357 637 .3872875161973992
101 641 .39473058423783414
399 648 .2983904286205794
383 649 .3478175543723827
157 652 .6706655514927737
207 652 .6564129691139735
300 660 .30722329720930297
11 662 .32984985155277613
40 662 .6147672971115989
406 662 .3398891711184797
51 665 .3557133759593576
410 665 .3711660550310487
48 671 .34992588725466867
61 671 .3414391246347179
107 671 .3793431265493217
148 671 .332522096769023
149 671 .4185805927847861
40 673 .6401743444460326
228 673 .5997742880037453
192 674 .42754507695806065
106 675 .33336513631034936
45 676 .46781400457596245
119 676 .320982630770863
224 676 .30169879273807876
13 677 .32677800268859425
262 677 .319257706412281
72 680 .34925808392416435
106 680 .31006759388149163
149 680 .30704477661877405
174 680 .4624727948097549
192 680 .4162607025073477
300 680 .33592787322244355
20 683 .31551694059874347
386 683 .3617598840378662
174 687 .3674506972030276
16 698 .3012516640532086
212 698 .3622446407859794
271 698 .3199815206783434
320 698 .3337569513454435
327 698 .3424264187480377
390 698 .3422587746381387
72 702 .32710579785061356
108 702 .7834466025891169
220 702 .8478500128103237
108 703 .3359674495796634
240 703 .3284319866295329
251 704 .3338346202474991
44 705 .33357938031924395
61 705 .4231684978962651
107 705 .3763239879065585
135 705 .38581667609955517
142 705 .3595421883041894
148 705 .34608259252744755
149 705 .38216874608486506
159 705 .30910573010959563
324 705 .3387744215256383
350 705 .3661124344986053
391 705 .36745626205977366
438 705 .4642412090351984
55 706 .34150370993194645
317 706 .6900250071330634
365 706 .3760019101159253
40 708 .42795494985480165
146 708 .44174830335275406
228 708 .47434911974821947
40 713 .4100750358791263
83 713 .37818227273939087
159 713 .3752390426802572
108 714 .40515495564632253
110 714 .4057529966303841
342 714 .3341373434223769
377 714 .42765702668892835
430 714 .3634982996505389
7 724 .3524782168721936
118 730 .320132972827019
354 730 .533827685308176
404 730 .36542069081926964
412 730 .36731504172479035
441 731 .4577768214024225
157 733 .475677530498098
40 734 .3072744804431897
441 738 .3942366770730894
61 741 .3462349984301074
136 742 .3754839154813103
375 742 .33493502685384957
48 752 .3347546994725663
72 752 .37347011737229074
148 752 .3914164056957157
202 752 .399511878666285
220 752 .4585148803203438
247 752 .4179469801716671
194 753 .32411001841265374
41 754 .3638242989269065
163 754 .42448029541766363
174 754 .3605969028722056
201 754 .30232356494351365
4 757 .323462869180033
72 757 .30841893231325823
149 757 .3318071569238912
174 757 .36693675889732535
447 757 .3425115844116151
121 761 .6167293028887997
228 761 .6041114254486697
375 761 .5187007043667311
4 762 .3241557651540692
192 762 .39795426970390224
300 762 .4184698372577449
340 762 .3439988452393381
447 762 .48572097574303896
441 765 .3591533901601247
445 765 .32437122167698185
136 766 .36945547035606374
220 766 .9468817254205266
365 766 .446277912036817
41 769 .47350183817766744
228 769 .5268892245054859
44 776 .4310327856284495
48 776 .36954501095350967
87 776 .30777741134919356
107 776 .4751933222736584
149 776 .4652117085415801
202 776 .45481274372365466
221 776 .3214853832175324
240 776 .3280160261954208
248 776 .4186885250440824
324 776 .41504459133587446
338 776 .3798829668169237
391 776 .4212795257821913
436 776 .3986492657926046
438 776 .3311422146010594
41 779 .3231857891363772
146 779 .7649530352253464
228 779 .7487037806235968
234 779 .32581198657255506
410 780 .360702841356904
240 781 .3565307340056485
436 781 .332371574316757
37 786 .3631394391701077
40 786 .5708347771952242
120 786 .3255231137899113
146 786 .5562491986528926
219 786 .3915566632634686
247 786 .3336445241807038
285 786 .33085452021457673
418 790 .32343663388364075
412 791 .3393263222479117
149 793 .3617909023075896
430 793 .37362550154598306
149 797 .38311402703246156
273 799 .32461063909545373
261 800 .3798992860621153
272 800 .3645969438530736
410 802 .3933352168223401
404 803 .34436737111838944
201 815 .3101229326012094
36 818 .34475352961320294
108 818 .34695840070433803
72 819 .3199957916152991
300 819 .3325961173211551
447 821 .41945336568284564
354 828 .3117446376401265
272 838 .3628731090467294
52 846 .42859778624007117
53 846 .408066288883874
354 847 .38649334774483
412 847 .3199543547937136
136 849 .3364913542138961
220 849 .6457339357233502
55 850 .32781224490290306
72 850 .36854878200261076
108 850 .7619235451756632
136 850 .3325502212292166
180 850 .32230193646106553
197 850 .621708147021967
220 850 .8587414950455727
259 850 .3729091246575029
389 850 .3880449392164156
220 851 .43422945478889563
247 851 .4028139689823753
365 851 .3519050652792197
25 868 .32109823877804367
82 868 .31622177196723467
83 868 .31364368142451404
234 868 .487870687199794
314 868 .3950027827909093
83 870 .35842921244398873
394 870 .38646177998459397
390 872 .4563358535257338
174 873 .3535373745017871
201 873 .3031356280671176
300 873 .3830508203484815
108 875 .30533956095982795
157 875 .30829060128684027
362 875 .32449782754657086
11 876 .3210564027111502
40 876 .615706311614435
48 876 .36527381085660604
